Triangle	(+2.6246 -0.4305)	(+2.9914 +0.0323)
Triangle	(-1.1039 -0.0966)	(-1.1333 -0.3106)
Triangle	(-4.0187 -2.2564)	(-4.7319 -1.9824)
Square	(+1.5417 -2.3150)	(+1.5429 -2.9992)
Square	(+6.0360 +0.1251)	(+7.0955 -0.1019)
Square	(+3.3798 +1.8490)	(+3.2311 +2.5950)
Square	(-0.6475 -1.2071)	(-0.3757 -0.6392)
Square	(+6.1901 -0.1616)	(+5.5238 -0.7565)
Triangle	(-1.1183 -0.6303)	(-0.8712 -0.3591)
Square	(-6.0230 +4.6237)	(-5.5614 +4.0783)
Triangle	(-5.2291 -2.4922)	(-5.2387 -2.2420)
Square	(+7.0154 -0.2857)	(+7.4390 -0.4307)
Triangle	(+5.2592 -1.4061)	(+4.2791 -0.7850)
Square	(-1.9066 -4.4638)	(-1.3129 -3.5070)
Square	(+3.8200 +3.8893)	(+3.9642 +3.4247)
Triangle	(-6.5624 -0.6313)	(-7.5390 -1.3067)
Square	(-6.7779 +1.1626)	(-6.9409 +1.3279)
Circle	(-7.7595 +2.7969)	(-7.2391 +2.7681)
Square	(-0.4230 +0.3461)	(-0.0345 +0.3808)
Square	(-2.3845 -0.9737)	(-2.1378 -1.1970)
Square	(+0.1736 +0.6405)	(+0.8289 +1.5837)
Triangle	(+6.6057 -2.9437)	(+6.1060 -2.9097)
Square	(+2.6087 -3.3025)	(+2.4261 -2.7505)
Triangle	(+7.7204 +3.5615)	(+7.0663 +3.0522)
Square	(+7.1278 -2.1200)	(+6.7940 -1.9356)
Circle	(-2.1110 -0.1920)	(-2.7916 -1.1356)
Circle	(-1.1977 -3.0895)	(-1.0739 -3.9223)
Square	(+6.7908 +3.7968)	(+6.8731 +3.0102)
Square	(-2.3018 +3.6273)	(-1.8061 +3.3646)
Triangle	(-1.3937 -4.9815)	(-1.3211 -5.6591)
Circle	(-3.0772 +4.5146)	(-3.2424 +4.2990)
Triangle	(+0.7813 +1.5964)	(+1.1305 +1.5342)
Circle	(+2.9993 -2.2022)	(+2.2112 -2.5942)
Circle	(-3.0817 -3.3428)	(-3.5664 -4.1336)
Triangle	(+0.6934 +3.8554)	(+0.8005 +3.4965)
Square	(-3.3224 -0.3727)	(-2.7895 -0.1780)
Circle	(-5.9209 +0.8487)	(-5.8362 -0.2608)
Circle	(-3.8602 -1.2570)	(-3.1897 -1.3436)
Circle	(+4.9029 -3.8621)	(+5.3575 -4.3594)
Circle	(-4.9209 -0.6291)	(-3.8603 -0.6444)
Square	(-2.7432 +3.7249)	(-2.5481 +3.8327)
Triangle	(-7.9476 -4.3626)	(-7.8680 -4.1240)
Square	(+1.8929 +4.0937)	(+1.7614 +3.6103)
Circle	(+3.7207 +1.9364)	(+4.3480 +1.6985)
Circle	(+6.2640 +4.7742)	(+5.8352 +4.0802)
Triangle	(+1.8814 -0.4475)	(+2.7616 -0.9641)
Square	(-0.6589 -3.0920)	(-0.7322 -2.0565)
Triangle	(-2.4684 +0.5325)	(-3.2258 +0.2351)
Square	(+1.0836 -1.5294)	(+1.3304 -1.8667)
Square	(-1.5569 +4.4525)	(-1.3987 +4.6900)
Circle	(-2.6342 -1.6526)	(-2.4065 -1.6373)
Triangle	(-0.2240 -3.6549)	(-0.3166 -4.5198)
Triangle	(+6.8076 -2.5803)	(+6.5520 -1.7148)
Square	(-0.0925 +1.9714)	(+0.4842 +2.2890)
Square	(-1.2954 -0.2749)	(-0.2510 -0.4264)
Circle	(-7.3942 -1.0564)	(-7.1694 -1.5295)
Circle	(+7.8888 -3.8460)	(+8.7029 -4.2112)
Square	(+5.5058 -4.1845)	(+5.0713 -3.1441)
Circle	(-4.5975 -4.9223)	(-5.2412 -4.4174)
Circle	(+1.2408 +1.2594)	(+0.7326 +1.4382)
Triangle	(-1.7030 -0.1051)	(-1.7778 -0.3021)
Triangle	(+4.2173 -2.0651)	(+4.6142 -2.7244)
Triangle	(-6.3491 -3.3525)	(-6.5088 -3.5468)
Triangle	(-2.5027 -1.6530)	(-1.8150 -2.0777)
Circle	(-5.9820 +0.5287)	(-6.8515 +0.8474)
Square	(-0.8460 -1.9826)	(-0.6270 -2.3730)
Circle	(+0.9849 +3.1925)	(+0.2434 +3.3588)
Square	(+5.2761 -0.5612)	(+5.5647 -0.3618)
Triangle	(-0.0083 +4.3175)	(-0.6656 +5.2864)
Circle	(+7.3974 -0.5387)	(+7.9899 +0.4484)
Circle	(-1.9546 +3.7757)	(-1.0863 +4.4983)
Circle	(-1.0935 -2.2529)	(-0.6424 -2.7792)
Square	(-2.8046 +4.6694)	(-2.4124 +3.5839)
Triangle	(+0.0839 +0.7127)	(-0.2517 +1.3054)
Square	(-3.1249 +3.3068)	(-3.9479 +2.5612)
Circle	(-4.8017 +0.7413)	(-4.3335 +0.9652)
Triangle	(-1.4244 -1.0119)	(-0.7375 -0.3856)
Circle	(-4.5320 +2.9082)	(-4.3497 +3.6253)
Circle	(-5.1816 -0.7141)	(-5.5134 -0.5337)
Circle	(-3.8131 +1.5760)	(-3.8044 +1.0355)
Square	(+1.6337 +1.1053)	(+2.4682 +0.7606)
Triangle	(-4.3451 -0.7557)	(-3.7044 -1.1271)
Circle	(+4.3692 -1.2291)	(+4.3969 -2.2074)
Square	(-7.3645 -3.5521)	(-7.5884 -4.5475)
Square	(-7.3798 +1.9896)	(-7.5549 +2.4177)
Circle	(+1.0848 +0.9125)	(+0.6025 +0.4886)
Triangle	(-1.1707 +0.6938)	(-1.2000 +0.9750)
Circle	(+5.4037 +2.0834)	(+6.1504 +2.2624)
Square	(-2.3001 -2.2194)	(-3.0526 -2.3662)
Triangle	(-6.7023 +0.2125)	(-6.6816 +0.4382)
Triangle	(-7.2687 -2.8165)	(-8.4511 -2.6748)
Triangle	(-1.9429 -3.4044)	(-2.0168 -3.9042)
Triangle	(-7.4373 -0.7970)	(-8.0707 -0.4181)
Triangle	(-6.0846 -3.5982)	(-6.6424 -3.3771)
Square	(-6.7680 +2.7171)	(-6.4592 +3.0599)
Square	(-2.8912 -2.4271)	(-2.9122 -2.0952)
Circle	(+5.4810 +3.0883)	(+4.7866 +2.5544)
Square	(+2.2768 +0.6894)	(+2.6794 +0.4949)
Circle	(+7.9063 -3.3292)	(+8.3245 -2.2988)
Triangle	(+5.8039 -4.4145)	(+5.7886 -4.0183)
